{
    "jobs": [
        {
            "delivery": [
                2
            ],
            "id": 0,
            "location_index": 1
        },
        {
            "delivery": [
                1
            ],
            "id": 1,
            "location_index": 2
        },
        {
            "delivery": [
                1
            ],
            "id": 2,
            "location_index": 3
        },
        {
            "delivery": [
                1
            ],
            "id": 3,
            "location_index": 4
        },
        {
            "delivery": [
                2
            ],
            "id": 4,
            "location_index": 5
        },
        {
            "delivery": [
                2
            ],
            "id": 5,
            "location_index": 6
        }
    ],
    "matrix": [
        [
            0.0,
            74.73285756613352,
            41.048751503547585,
            29.120439557122072,
            60.166435825965294,
            15.524174696260024,
            23.853720883753127,
            67.26812023536856,
            48.75448697299562,
            41.182520563948,
            62.00806399170998,
            73.40980860893181,
            37.69615364994153,
            29.410882339705484,
            51.088159097779204,
            60.802960454241045
        ],
        [
            74.73285756613352,
            0.0,
            97.67292357659824,
            60.07495318350236,
            48.05205510693585,
            78.81624198095213,
            81.74350127074322,
            18.110770276274835,
            26.0,
            110.60289327137876,
            20.248456731316587,
            17.204650534085253,
            37.12142238654117,
            77.05841939723393,
            78.26237921249263,
            69.6419413859206
        ],
        [
            41.048751503547585,
            97.67292357659824,
            0.0,
            69.26037828369117,
            61.326992425847855,
            26.076809620810597,
            62.81719509815764,
            83.73768566183328,
            74.88658090739622,
            22.561028345356956,
            91.92388155425118,
            102.62553288534,
            64.1404708432983,
            69.87131027825369,
            31.064449134018133,
            47.265209192385896
        ],
        [
            29.120439557122072,
            60.07495318350236,
            69.26037828369117,
            0.0,
            66.60330322138685,
            43.18564576337837,
            22.47220505424423,
            59.90826320300064,
            36.6742416417845,
            69.85699678629192,
            42.20189569201838,
            52.81098370604357,
            30.4138126514911,
            17.0,
            71.5122367151245,
            76.00657866263946
        ],
        [
            60.166435825965294,
            48.05205510693585,
            61.326992425847855,
            66.60330322138685,
            0.0,
            54.00925846556311,
            79.60527620704548,
            30.083217912982647,
            39.56008088970496,
            80.52328855678958,
            54.74486277268398,
            61.0,
            37.8021163428716,
            80.15609770940699,
            33.97057550292606,
            21.93171219946131
        ],
        [
            15.524174696260024,
            78.81624198095213,
            26.076809620810597,
            43.18564576337837,
            54.00925846556311,
            0.0,
            38.91015291668744,
            68.0294054067798,
            53.81449618829484,
            31.89043743820395,
            69.52697318307479,
            80.72174428244226,
            42.44997055358225,
            44.9221548904324,
            37.64306044943742,
            49.658836071740545
        ],
        [
            23.853720883753127,
            81.74350127074322,
            62.81719509815764,
            22.47220505424423,
            79.60527620704548,
            38.91015291668744,
            0.0,
            79.30952023559341,
            57.0087712549569,
            56.43580423808985,
            64.5600495662759,
            75.27283706623525,
            48.373546489791295,
            8.94427190999916,
            74.81310045707235,
            83.54639429682169
        ],
        [
            67.26812023536856,
            18.110770276274835,
            83.73768566183328,
            59.90826320300064,
            30.083217912982647,
            68.0294054067798,
            79.30952023559341,
            0.0,
            23.40939982143925,
            98.97979591815695,
            30.23243291566195,
            32.984845004941285,
            31.016124838541646,
            76.48529270389177,
            61.587336360651285,
            51.86520991955976
        ],
        [
            48.75448697299562,
            26.0,
            74.88658090739622,
            36.6742416417845,
            39.56008088970496,
            53.81449618829484,
            57.0087712549569,
            23.40939982143925,
            0.0,
            85.70297544426332,
            17.72004514666935,
            27.784887978899608,
            11.40175425099138,
            53.46026561849464,
            61.0,
            57.21887800367987
        ],
        [
            41.182520563948,
            110.60289327137876,
            22.561028345356956,
            69.85699678629192,
            80.52328855678958,
            31.89043743820395,
            56.43580423808985,
            98.97979591815695,
            85.70297544426332,
            0.0,
            101.17806086301516,
            112.44998888394787,
            74.33034373659252,
            64.93843238021688,
            53.08483775994799,
            69.0
        ],
        [
            62.00806399170998,
            20.248456731316587,
            91.92388155425118,
            42.20189569201838,
            54.74486277268398,
            69.52697318307479,
            64.5600495662759,
            30.23243291566195,
            17.72004514666935,
            101.17806086301516,
            0.0,
            11.40175425099138,
            27.784887978899608,
            58.855755878248644,
            78.64477096412705,
            74.0
        ],
        [
            73.40980860893181,
            17.204650534085253,
            102.62553288534,
            52.81098370604357,
            61.0,
            80.72174428244226,
            75.27283706623525,
            32.984845004941285,
            27.784887978899608,
            112.44998888394787,
            11.40175425099138,
            0.0,
            38.600518131237564,
            69.12307863514182,
            87.64131445842195,
            81.49846624323675
        ],
        [
            37.69615364994153,
            37.12142238654117,
            64.1404708432983,
            30.4138126514911,
            37.8021163428716,
            42.44997055358225,
            48.373546489791295,
            31.016124838541646,
            11.40175425099138,
            74.33034373659252,
            27.784887978899608,
            38.600518131237564,
            0.0,
            46.17358552246078,
            53.03772242470448,
            51.92301994298868
        ],
        [
            29.410882339705484,
            77.05841939723393,
            69.87131027825369,
            17.0,
            80.15609770940699,
            44.9221548904324,
            8.94427190999916,
            76.48529270389177,
            53.46026561849464,
            64.93843238021688,
            58.855755878248644,
            69.12307863514182,
            46.17358552246078,
            0.0,
            79.07591289387686,
            86.37129152675674
        ],
        [
            51.088159097779204,
            78.26237921249263,
            31.064449134018133,
            71.5122367151245,
            33.97057550292606,
            37.64306044943742,
            74.81310045707235,
            61.587336360651285,
            61.0,
            53.08483775994799,
            78.64477096412705,
            87.64131445842195,
            53.03772242470448,
            79.07591289387686,
            0.0,
            16.278820596099706
        ],
        [
            60.802960454241045,
            69.6419413859206,
            47.265209192385896,
            76.00657866263946,
            21.93171219946131,
            49.658836071740545,
            83.54639429682169,
            51.86520991955976,
            57.21887800367987,
            69.0,
            74.0,
            81.49846624323675,
            51.92301994298868,
            86.37129152675674,
            16.278820596099706,
            0.0
        ]
    ],
    "positions": [
        [
            -21,
            5
        ],
        [
            47,
            36
        ],
        [
            -19,
            -36
        ],
        [
            -13,
            33
        ],
        [
            37,
            -11
        ],
        [
            -17,
            -10
        ],
        [
            -34,
            25
        ],
        [
            45,
            18
        ],
        [
            23,
            26
        ],
        [
            -41,
            -31
        ],
        [
            28,
            43
        ],
        [
            37,
            50
        ],
        [
            14,
            19
        ],
        [
            -30,
            33
        ],
        [
            12,
            -34
        ],
        [
            28,
            -31
        ]
    ],
    "vehicles": [
        {
            "capacity": [
                5
            ],
            "id": 1,
            "start_index": 7
        },
        {
            "capacity": [
                3
            ],
            "id": 2,
            "start_index": 8
        },
        {
            "capacity": [
                4
            ],
            "id": 3,
            "start_index": 9
        }
    ]
}