{
    "jobs": [
        {
            "delivery": [
                1
            ],
            "id": 0,
            "location_index": 1
        },
        {
            "delivery": [
                1
            ],
            "id": 1,
            "location_index": 2
        },
        {
            "delivery": [
                1
            ],
            "id": 2,
            "location_index": 3
        },
        {
            "delivery": [
                1
            ],
            "id": 3,
            "location_index": 4
        },
        {
            "delivery": [
                1
            ],
            "id": 4,
            "location_index": 5
        },
        {
            "delivery": [
                2
            ],
            "id": 5,
            "location_index": 6
        }
    ],
    "matrix": [
        [
            0.0,
            58.89821729050889,
            49.49747468305833,
            46.09772228646444,
            53.009433122794285,
            35.90264614203248,
            52.0,
            23.430749027719962,
            22.20360331117452,
            46.57252408878007,
            49.33558553417604,
            11.180339887498949,
            29.698484809834994,
            48.08326112068523,
            52.43090691567332,
            60.74537019394976
        ],
        [
            58.89821729050889,
            0.0,
            108.30050784737807,
            74.52516353554684,
            37.8549864614954,
            85.44003745317531,
            26.92582403567252,
            82.3286098510111,
            37.73592452822641,
            93.68030742904295,
            60.67124524847005,
            52.49761899362675,
            68.15423684555495,
            32.01562118716424,
            75.16648189186454,
            7.810249675906654
        ],
        [
            49.49747468305833,
            108.30050784737807,
            0.0,
            65.0,
            95.0789145920377,
            43.0,
            99.56907150315303,
            26.248809496813376,
            71.50524456289902,
            48.05205510693585,
            84.40379138403677,
            56.61271941887264,
            57.723478758647246,
            94.66784036831093,
            78.16009211867653,
            109.63576058932597
        ],
        [
            46.09772228646444,
            74.52516353554684,
            65.0,
            0.0,
            42.720018726587654,
            77.93587107359485,
            83.60023923410746,
            52.0,
            55.65968020030299,
            88.50988645343524,
            93.53608929178085,
            38.07886552931954,
            75.7429864739964,
            82.56512580987206,
            98.40731680114035,
            71.16881339463234
        ],
        [
            53.009433122794285,
            37.8549864614954,
            95.0789145920377,
            42.720018726587654,
            0.0,
            88.2779700718135,
            57.42821606144492,
            72.78049189171504,
            43.46262762420146,
            98.6154146165801,
            82.09750300709517,
            42.1070065428546,
            76.6550715869472,
            59.54829972383762,
            93.02150289046077,
            32.0624390837628
        ],
        [
            35.90264614203248,
            85.44003745317531,
            43.0,
            77.93587107359485,
            88.2779700718135,
            0.0,
            68.00735254367721,
            28.600699292150182,
            49.03060268852505,
            10.770329614269007,
            43.829214001622255,
            47.07440918375928,
            19.1049731745428,
            62.00806399170998,
            35.35533905932738,
            89.56003573022959
        ],
        [
            52.0,
            26.92582403567252,
            99.56907150315303,
            83.60023923410746,
            57.42821606144492,
            68.00735254367721,
            0.0,
            73.57309290766564,
            30.805843601498726,
            74.30343195303969,
            35.014282800023196,
            50.80354318352215,
            49.09175083453431,
            6.324555320336759,
            50.24937810560445,
            34.438350715445125
        ],
        [
            23.430749027719962,
            82.3286098510111,
            26.248809496813376,
            52.0,
            72.78049189171504,
            28.600699292150182,
            73.57309290766564,
            0.0,
            45.27692569068709,
            38.18376618407357,
            62.07253821135398,
            31.78049716414141,
            36.124783736376884,
            68.8839603971781,
            59.22837157984339,
            84.0535543567314
        ],
        [
            22.20360331117452,
            37.73592452822641,
            71.50524456289902,
            55.65968020030299,
            43.46262762420146,
            49.03060268852505,
            30.805843601498726,
            45.27692569068709,
            0.0,
            58.309518948453004,
            40.311288741492746,
            20.09975124224178,
            34.132096331752024,
            28.0178514522438,
            49.73932046178355,
            40.85339643163099
        ],
        [
            46.57252408878007,
            93.68030742904295,
            48.05205510693585,
            88.50988645343524,
            98.6154146165801,
            10.770329614269007,
            74.30343195303969,
            38.18376618407357,
            58.309518948453004,
            0.0,
            46.09772228646444,
            57.723478758647246,
            25.632011235952593,
            68.09552114493287,
            34.438350715445125,
            98.2700361249552
        ],
        [
            49.33558553417604,
            60.67124524847005,
            84.40379138403677,
            93.53608929178085,
            82.09750300709517,
            43.829214001622255,
            35.014282800023196,
            62.07253821135398,
            40.311288741492746,
            46.09772228646444,
            0.0,
            55.47071299343465,
            26.68332812825267,
            29.017236257093817,
            15.524174696260024,
            67.468511173732
        ],
        [
            11.180339887498949,
            52.49761899362675,
            56.61271941887264,
            38.07886552931954,
            42.1070065428546,
            47.07440918375928,
            50.80354318352215,
            31.78049716414141,
            20.09975124224178,
            57.723478758647246,
            55.47071299343465,
            0.0,
            39.408120990476064,
            48.093658625644196,
            60.876925020897694,
            53.150729063673246
        ],
        [
            29.698484809834994,
            68.15423684555495,
            57.723478758647246,
            75.7429864739964,
            76.6550715869472,
            19.1049731745428,
            49.09175083453431,
            36.124783736376884,
            34.132096331752024,
            25.632011235952593,
            26.68332812825267,
            39.408120990476064,
            0.0,
            43.01162633521314,
            23.769728648009426,
            72.99315036357864
        ],
        [
            48.08326112068523,
            32.01562118716424,
            94.66784036831093,
            82.56512580987206,
            59.54829972383762,
            62.00806399170998,
            6.324555320336759,
            68.8839603971781,
            28.0178514522438,
            68.09552114493287,
            29.017236257093817,
            48.093658625644196,
            43.01162633521314,
            0.0,
            44.10215414239989,
            39.21734310225516
        ],
        [
            52.43090691567332,
            75.16648189186454,
            78.16009211867653,
            98.40731680114035,
            93.02150289046077,
            35.35533905932738,
            50.24937810560445,
            59.22837157984339,
            49.73932046178355,
            34.438350715445125,
            15.524174696260024,
            60.876925020897694,
            23.769728648009426,
            44.10215414239989,
            0.0,
            81.61494961096282
        ],
        [
            60.74537019394976,
            7.810249675906654,
            109.63576058932597,
            71.16881339463234,
            32.0624390837628,
            89.56003573022959,
            34.438350715445125,
            84.0535543567314,
            40.85339643163099,
            98.2700361249552,
            67.468511173732,
            53.150729063673246,
            72.99315036357864,
            39.21734310225516,
            81.61494961096282,
            0.0
        ]
    ],
    "positions": [
        [
            -2,
            3
        ],
        [
            -40,
            -42
        ],
        [
            33,
            38
        ],
        [
            33,
            -27
        ],
        [
            -3,
            -50
        ],
        [
            -10,
            38
        ],
        [
            -50,
            -17
        ],
        [
            13,
            21
        ],
        [
            -20,
            -10
        ],
        [
            -14,
            48
        ],
        [
            -49,
            18
        ],
        [
            0,
            -8
        ],
        [
            -23,
            24
        ],
        [
            -48,
            -11
        ],
        [
            -45,
            33
        ],
        [
            -35,
            -48
        ]
    ],
    "vehicles": [
        {
            "capacity": [
                3
            ],
            "id": 1,
            "start_index": 7
        },
        {
            "capacity": [
                3
            ],
            "id": 2,
            "start_index": 8
        },
        {
            "capacity": [
                4
            ],
            "id": 3,
            "start_index": 9
        }
    ]
}